CRPIX1  =     -2.345258477E+01
CRPIX2  =      2.040276061E+03
CD1_1   =     -6.565011479E-05
CD1_2   =     -1.879229863E-07
CD2_1   =     -1.868589333E-07
CD2_2   =      6.569509737E-05
END
CRPIX1  =      2.064461594E+03
CRPIX2  =      2.041054752E+03
CD1_1   =     -6.564957532E-05
CD1_2   =     -1.664850208E-07
CD2_1   =     -1.944036832E-07
CD2_2   =      6.568213642E-05
END
