OVSCANX1=([1]=5 [2]=2 [3]=5 [4]=5 [5]=5 [6]=2058 [7]=5 [8]=5 [9]=2 [10]=5 [11]=5 [12]=5)
OVSCANX2=([1]=25 [2]=16 [3]=22 [4]=22 [5]=25 [6]=2075 [7]=22 [8]=22 [9]=16 [10]=25 [11]=25 [12]=25)
CUTX=([1]=35 [2]=35 [3]=35 [4]=35 [5]=35 [6]=10 [7]=35 [8]=35 [9]=35 [10]=35 [11]=35 [12]=35)
CUTY=([1]=10 [2]=10 [3]=10 [4]=10 [5]=10 [6]=10 [7]=35 [8]=35 [9]=35 [10]=35 [11]=35 [12]=35)
SIZEX=([1]=2038 [2]=2038 [3]=2038 [4]=2038 [5]=2038 [6]=2038 [7]=2038 [8]=2038 [9]=2038 [10]=2038 [11]=2038 [12]=2038)
SIZEY=([1]=4086 [2]=4086 [3]=4086 [4]=4086 [5]=4086 [6]=4086 [7]=4086 [8]=4086 [9]=4086 [10]=4086 [11]=4086 [12]=4086)
CD11=([1]=5.698240e-05 [2]=5.693407e-05 [3]=5.697160e-05 [4]=5.697797e-05 [5]=5.670633e-05 [6]=5.671383e-05 [7]=5.668921e-05 [8]=5.667199e-05 [9]=-5.614976e-05 [10]=5.607940e-05 [11]=5.601185e-05 [12]=5.608900e-05)
CD12=([1]=-1.707893e-07 [2]=-7.069803e-08 [3]=3.539880e-07 [4]=2.362042e-07 [5]=1.674606e-07 [6]=-2.761288e-07 [7]=4.469596e-08 [8]=4.153991e-07 [9]=3.044809e-08 [10]=-3.212999e-07 [11]=3.650058e-08 [12]=5.373585e-07)
CD21=([1]=-1.941431e-08 [2]=-1.361390e-07 [3]=-2.496715e-07 [4]=-3.485127e-07 [5]=-4.464284e-07 [6]=-1.851398e-08 [7]=-2.705276e-07 [8]=-3.036241e-08 [9]=4.347375e-07 [10]=1.040049e-07 [11]=-5.189265e-07 [12]=-5.837447e-08)
CD22=([1]=-5.692654e-05 [2]=-5.688107e-05 [3]=5.691123e-05 [4]=5.686748e-05 [5]=5.679658e-05 [6]=-5.682002e-05 [7]=-5.682662e-05 [8]=5.678668e-05 [9]=5.643109e-05 [10]=-5.663296e-05 [11]=-5.659745e-05 [12]=5.657913e-05)
M11=([1]=-1 [2]=-1 [3]=-1 [4]=-1 [5]=-1 [6]=-1 [7]=-1 [8]=-1 [9]=1 [10]=-1 [11]=-1 [12]=-1)
M12=([1]=0 [2]=0 [3]=0 [4]=0 [5]=0 [6]=0 [7]=0 [8]=0 [9]=0 [10]=0 [11]=0 [12]=0)
M21=([1]=0 [2]=0 [3]=0 [4]=0 [5]=0 [6]=0 [7]=0 [8]=0 [9]=0 [10]=0 [11]=0 [12]=0)
M22=([1]=-1 [2]=-1 [3]=1 [4]=1 [5]=1 [6]=-1 [7]=-1 [8]=1 [9]=1 [10]=-1 [11]=-1 [12]=1)
REFPIXX=([1]=2084.1 [2]=-2.2 [3]=-6.8 [4]=2079.8 [5]=4173.7 [6]=4179.9 [7]=-2102.9 [8]=-2100.9 [9]=-4241.3 [10]=6313.4 [11]=-4238.3 [12]=-4227.9)
REFPIXY=([1]=4057.7 [2]=4058.8 [3]=4173.9 [4]=4178.5 [5]=4188.9 [6]=4062.3 [7]=4066.3 [8]=4179.1 [9]=4213.2 [10]=4083.3 [11]=4097.2 [12]=4178.8)
IMAGEID=([12]=1 [8]=2 [3]=3 [4]=4 [5]=5 [9]=6 [11]=7 [7]=8 [2]=9 [1]=10 [6]=11 [10]=12)
NOTUSE=([1]=1 [2]=1 [6]=1 [9]=1 [12]=1)
