OVSCANX1=([1]=5 [2]=5 [3]=5 [4]=5 [5]=5 [6]=5 [7]=2 [8]=5 [9]=2 [10]=2055 [11]=5 [12]=5)
OVSCANX2=([1]=25 [2]=25 [3]=25 [4]=25 [5]=25 [6]=25 [7]=16 [8]=25 [9]=16 [10]=2075 [11]=25 [12]=25)
CUTX=([1]=35 [2]=35 [3]=35 [4]=35 [5]=35 [6]=35 [7]=35 [8]=35 [9]=35 [10]=10 [11]=35 [12]=35)
CUTY=([1]=10 [2]=10 [3]=10 [4]=10 [5]=10 [6]=10 [7]=35 [8]=35 [9]=35 [10]=35 [11]=35 [12]=35)
SIZEX=([1]=2038 [2]=2038 [3]=2038 [4]=2038 [5]=2038 [6]=2038 [7]=2038 [8]=2038 [9]=2038 [10]=2038 [11]=2038 [12]=2038)
SIZEY=([1]=4086 [2]=4086 [3]=4086 [4]=4086 [5]=4086 [6]=4086 [7]=4086 [8]=4086 [9]=4086 [10]=4086 [11]=4086 [12]=4086)
CD11=([1]=5.607500e-05 [2]=5.665700e-05 [3]=-5.705900e-05 [4]=5.708200e-05 [5]=5.678300e-05 [6]=5.604300e-05 [7]=5.607000e-05 [8]=5.664400e-05 [9]=5.696300e-05 [10]=5.702500e-05 [11]=5.678900e-05 [12]=5.602500e-05)
CD12=([1]=0.000000e+00 [2]=0.000000e+00 [3]=0.000000e+00 [4]=0.000000e+00 [5]=0.000000e+00 [6]=0.000000e+00 [7]=0.000000e+00 [8]=0.000000e+00 [9]=0.000000e+00 [10]=0.000000e+00 [11]=0.000000e+00 [12]=0.000000e+00)
CD21=([1]=0.000000e+00 [2]=0.000000e+00 [3]=0.000000e+00 [4]=0.000000e+00 [5]=0.000000e+00 [6]=0.000000e+00 [7]=0.000000e+00 [8]=0.000000e+00 [9]=0.000000e+00 [10]=0.000000e+00 [11]=0.000000e+00 [12]=0.000000e+00)
CD22=([1]=-5.666800e-05 [2]=-5.679700e-05 [3]=-5.692400e-05 [4]=-5.699200e-05 [5]=-5.688500e-05 [6]=-5.664000e-05 [7]=5.660900e-05 [8]=5.678200e-05 [9]=5.688200e-05 [10]=5.689600e-05 [11]=5.677300e-05 [12]=5.660200e-05)
M11=([1]=-1 [2]=-1 [3]=1 [4]=-1 [5]=-1 [6]=-1 [7]=-1 [8]=-1 [9]=-1 [10]=-1 [11]=-1 [12]=-1)
M12=([1]=0 [2]=0 [3]=0 [4]=0 [5]=0 [6]=0 [7]=0 [8]=0 [9]=0 [10]=0 [11]=0 [12]=0)
M21=([1]=0 [2]=0 [3]=0 [4]=0 [5]=0 [6]=0 [7]=0 [8]=0 [9]=0 [10]=0 [11]=0 [12]=0)
M22=([1]=-1 [2]=-1 [3]=-1 [4]=-1 [5]=-1 [6]=-1 [7]=1 [8]=1 [9]=1 [10]=1 [11]=1 [12]=1)
REFPIXX=([1]=6340.3 [2]=4219.9 [3]=-343.1 [4]=35.7 [5]=-2071.1 [6]=-4207.7 [7]=6344.5 [8]=4209.7 [9]=2117.7 [10]=32.7 [11]=-2073.6 [12]=-4207.7)
REFPIXY=([1]=4072.6 [2]=4042.3 [3]=4037.7 [4]=4038.8 [5]=4040.6 [6]=4040.6 [7]=4222.9 [8]=4202.1 [9]=4198.5 [10]=4193.9 [11]=4189.4 [12]=4169.5)
IMAGEID=([12]=1 [11]=2 [10]=3 [9]=4 [8]=5 [7]=6 [6]=7 [5]=8 [4]=9 [3]=10 [2]=11 [1]=12)
NOTUSE=([1]=1 [7]=1 [12]=1)
